v 10.0 0.0 0.0
v 5.000000000000001 8.660254037844386 11.0
v -4.999999999999998 8.660254037844387 0.0
v -10.0 1.2246467991473533E-15 11.0
v -5.000000000000004 -8.660254037844386 0.0
v 4.999999999999993 -8.66025403784439 11.0
v 10.0 -2.4492935982947065E-15 0.0
v 5.000000000000005 8.660254037844384 11.0
v -4.999999999999992 8.66025403784439 0.0
v -10.0 3.673940397442059E-15 11.0
v -5.000000000000013 -8.660254037844378 0.0
v 4.999999999999991 -8.66025403784439 11.0
f -12 -10 -8 -6 -4 -2 
f -11 -9 -7 -5 -3 -1 
f -12 -11 -9 -10
f -11 -10 -8 -9
f -10 -9 -7 -8
f -9 -8 -6 -7
f -8 -7 -5 -6
f -7 -6 -4 -5
f -6 -5 -3 -4
f -5 -4 -2 -3
f -4 -3 -1 -2
f -3 -2 -12 -1
f -2 -1 -11 -12
f -1 -12 -10 -11
